distance,frequency,probability,cdf
1,1767,0.264877829,0.264877829
2,964,0.144506071,0.4093839
3,971,0.145555389,0.554939289
4,867,0.129965522,0.684904811
5,720,0.107929846,0.792834657
6,589,0.08829261,0.881127267
7,374,0.056063559,0.937190826
8,230,0.03447759,0.971668416
9,100,0.014990256,0.986658672
10,57,0.008544446,0.995203118
11,20,0.002998051,0.998201169
12,9,0.001349123,0.999550292
13,1,0.000149903,0.999700195
14,2,0.000299805,1
